-100.00 -100.00 -100.00 -100.00 -100.00 -100.00 -100.00 -100.00 -100.00 -100.00 -100.00 -100.00 -100.00 -100.00 -100.00 -100.00 -100.00 -100.00 -100.00 -100.00 -100.00 -100.00 -100.00 -100.00 -100.00 -100.00 -100.00 -100.00 -100.00 -100.00 -100.00 -100.00 -100.00 -100.00 -100.00 -100.00 -100.00 -100.00 -100.00 -100.00 -100.00 -100.00 -100.00 -100.00 -100.00 -100.00 -100.00 -100.00 -100.00 -100.00 -100.00 -100.00 -100.00 -100.00 -100.00 -100.00 -100.00 -100.00 -100.00 -100.00 -100.00 -100.00 -100.00 -100.00 -100.00 -100.00 -100.00 -100.00 -100.00 -100.00 -100.00 -100.00 -100.00 -100.00 -100.00 -100.00 -100.00 -100.00 -100.00 -100.00 -100.00 -100.00 -100.00 -100.00 -100.00 -100.00 -100.00 -100.00 -100.00 -100.00 -100.00 -100.00 -100.00 -100.00 -100.00 -100.00 -100.00 -100.00 -100.00 -100.00 -100.00 -100.00 -100.00 -100.00 -100.00 -100.00 -100.00 -100.00 -100.00 -100.00 -100.00 -100.00 -100.00 -100.00 -100.00 -100.00 -100.00 -100.00 -100.00 -100.00 -100.00 -100.00 -100.00 -100.00 -100.00 -100.00 -100.00 -100.00 -100.00 -100.00 -100.00 -100.00 -100.00 -100.00 -100.00 -100.00 -100.00 -100.00 -100.00 -100.00 -100.00 -100.00 -100.00 -100.00 -100.00 -100.00 -100.00 -100.00 -100.00 -100.00
-100.00 -68.06 -67.96 -67.85 -67.75 -67.64 -67.53 -67.42 -67.31 -67.20 -67.08 -66.97 -66.85 -66.74 -66.62 -66.50 -66.38 -66.26 -66.13 -66.01 -100.00 -65.75 -65.63 -65.50 -65.36 -65.23 -65.10 -64.96 -64.82 -64.69 -64.55 -64.40 -64.26 -64.12 -63.97 -63.83 -63.68 -63.53 -63.38 -63.23 -100.00 -62.93 -62.77 -62.62 -62.46 -62.31 -62.15 -62.00 -61.84 -61.69 -61.54 -61.38 -61.23 -61.08 -60.93 -60.79 -60.65 -60.51 -60.37 -60.24 -100.00 -59.99 -59.88 -59.77 -59.66 -59.57 -59.48 -59.41 -59.34 -59.28 -59.23 -59.19 -59.17 -59.15 -59.14 -59.15 -59.17 -59.19 -59.23 -59.28 -100.00 -59.41 -59.48 -59.57 -59.66 -59.77 -59.88 -59.99 -60.11 -60.24 -60.37 -60.51 -60.65 -60.79 -60.93 -61.08 -61.23 -61.38 -61.54 -61.69 -100.00 -62.00 -62.15 -62.31 -62.46 -62.62 -62.77 -62.93 -63.08 -63.23 -63.38 -63.53 -63.68 -63.83 -63.97 -64.12 -64.26 -64.40 -64.55 -64.69 -100.00 -64.96 -65.10 -65.23 -65.36 -65.50 -65.63 -65.75 -65.88 -66.01 -66.13 -66.26 -66.38 -66.50 -66.62 -66.74 -66.85 -66.97 -67.08 -67.20 -67.31 -67.42 -67.53 -67.64 -67.75 -67.85 -67.96 -68.06 -68.17 -100.00
-100.00 -68.02 -67.92 -67.81 -67.70 -67.60 -67.49 -67.38 -67.26 -67.15 -67.04 -66.92 -66.80 -66.68 -66.56 -66.44 -66.32 -66.20 -66.07 -65.95 -100.00 -65.69 -65.56 -65.42 -65.29 -65.16 -65.02 -64.88 -64.74 -64.60 -64.46 -64.31 -64.17 -64.02 -63.87 -63.72 -63.57 -63.42 -63.26 -63.11 -100.00 -62.80 -62.64 -62.48 -62.32 -62.16 -62.00 -61.84 -61.68 -61.52 -61.36 -61.20 -61.04 -60.88 -60.73 -60.57 -60.42 -60.28 -60.13 -60.00 -100.00 -59.73 -59.61 -59.49 -59.39 -59.29 -59.19 -59.11 -59.04 -58.97 -58.92 -58.88 -58.85 -58.83 -58.83 -58.83 -58.85 -58.88 -58.92 -58.97 -100.00 -59.11 -59.19 -59.29 -59.39 -59.49 -59.61 -59.73 -59.86 -60.00 -60.13 -60.28 -60.42 -60.57 -60.73 -60.88 -61.04 -61.20 -61.36 -61.52 -100.00 -61.84 -62.00 -62.16 -62.32 -62.48 -62.64 -62.80 -62.95 -63.11 -63.26 -63.42 -63.57 -63.72 -63.87 -64.02 -64.17 -64.31 -64.46 -64.60 -100.00 -64.88 -65.02 -65.16 -65.29 -65.42 -65.56 -65.69 -65.82 -65.95 -66.07 -66.20 -66.32 -66.44 -66.56 -66.68 -66.80 -66.92 -67.04 -67.15 -67.26 -67.38 -67.49 -67.60 -67.70 -67.81 -67.92 -68.02 -68.13 -100.00
-100.00 -67.99 -67.88 -67.77 -67.66 -67.55 -67.44 -67.33 -67.22 -67.10 -66.99 -66.87 -66.75 -66.63 -66.51 -66.39 -66.26 -66.14 -66.01 -65.88 -100.00 -65.62 -65.49 -65.36 -65.22 -65.08 -64.94 -64.80 -64.66 -64.52 -64.37 -64.22 -64.07 -63.92 -63.77 -63.62 -63.46 -63.31 -63.15 -62.99 -100.00 -62.67 -62.50 -62.34 -62.18 -62.01 -61.84 -61.68 -61.51 -61.34 -61.18 -61.01 -60.84 -60.68 -60.52 -60.36 -60.20 -60.05 -59.89 -59.75 -100.00 -59.47 -59.34 -59.21 -59.10 -58.99 -58.89 -58.80 -58.73 -58.66 -58.60 -58.56 -58.53 -58.51 -58.50 -58.51 -58.53 -58.56 -58.60 -58.66 -100.00 -58.80 -58.89 -58.99 -59.10 -59.21 -59.34 -59.47 -59.61 -59.75 -59.89 -60.05 -60.20 -60.36 -60.52 -60.68 -60.84 -61.01 -61.18 -61.34 -100.00 -61.68 -61.84 -62.01 -62.18 -62.34 -62.50 -62.67 -62.83 -62.99 -63.15 -63.31 -63.46 -63.62 -63.77 -63.92 -64.07 -64.22 -64.37 -64.52 -100.00 -64.80 -64.94 -65.08 -65.22 -65.36 -65.49 -65.62 -65.75 -65.88 -66.01 -66.14 -66.26 -66.39 -66.51 -66.63 -66.75 -66.87 -66.99 -67.10 -67.22 -67.33 -67.44 -67.55 -67.66 -67.77 -67.88 -67.99 -68.09 -100.00
-100.00 -67.95 -67.84 -67.73 -67.62 -67.51 -67.40 -67.29 -67.17 -67.06 -66.94 -66.82 -66.70 -66.58 -66.46 -66.33 -66.21 -66.08 -65.95 -65.82 -100.00 -65.56 -65.42 -65.29 -65.15 -65.01 -64.87 -64.72 -64.58 -64.43 -64.28 -64.13 -63.98 -63.83 -63.67 -63.52 -63.36 -63.20 -63.04 -62.87 -100.00 -62.54 -62.37 -62.20 -62.03 -61.86 -61.69 -61.52 -61.34 -61.17 -61.00 -60.82 -60.65 -60.48 -60.31 -60.14 -59.97 -59.81 -59.65 -59.49 -100.00 -59.20 -59.06 -58.93 -58.80 -58.69 -58.58 -58.49 -58.40 -58.33 -58.27 -58.22 -58.19 -58.17 -58.16 -58.17 -58.19 -58.22 -58.27 -58.33 -100.00 -58.49 -58.58 -58.69 -58.80 -58.93 -59.06 -59.20 -59.34 -59.49 -59.65 -59.81 -59.97 -60.14 -60.31 -60.48 -60.65 -60.82 -61.00 -61.17 -100.00 -61.52 -61.69 -61.86 -62.03 -62.20 -62.37 -62.54 -62.71 -62.87 -63.04 -63.20 -63.36 -63.52 -63.67 -63.83 -63.98 -64.13 -64.28 -64.43 -100.00 -64.72 -64.87 -65.01 -65.15 -65.29 -65.42 -65.56 -65.69 -65.82 -65.95 -66.08 -66.21 -66.33 -66.46 -66.58 -66.70 -66.82 -66.94 -67.06 -67.17 -67.29 -67.40 -67.51 -67.62 -67.73 -67.84 -67.95 -68.05 -100.00
-100.00 -67.91 -67.80 -67.70 -67.58 -67.47 -67.36 -67.25 -67.13 -67.01 -66.90 -66.78 -66.65 -66.53 -66.41 -66.28 -66.16 -66.03 -65.90 -65.76 -100.00 -65.50 -65.36 -65.22 -65.08 -64.94 -64.79 -64.65 -64.50 -64.35 -64.20 -64.05 -63.89 -63.74 -63.58 -63.42 -63.25 -63.09 -62.92 -62.76 -100.00 -62.41 -62.24 -62.07 -61.89 -61.71 -61.54 -61.36 -61.18 -61.00 -60.81 -60.63 -60.45 -60.27 -60.09 -59.92 -59.74 -59.57 -59.40 -59.24 -100.00 -58.92 -58.77 -58.63 -58.50 -58.38 -58.26 -58.16 -58.07 -57.99 -57.92 -57.87 -57.83 -57.81 -57.80 -57.81 -57.83 -57.87 -57.92 -57.99 -100.00 -58.16 -58.26 -58.38 -58.50 -58.63 -58.77 -58.92 -59.08 -59.24 -59.40 -59.57 -59.74 -59.92 -60.09 -60.27 -60.45 -60.63 -60.81 -61.00 -100.00 -61.36 -61.54 -61.71 -61.89 -62.07 -62.24 -62.41 -62.59 -62.76 -62.92 -63.09 -63.25 -63.42 -63.58 -63.74 -63.89 -64.05 -64.20 -64.35 -100.00 -64.65 -64.79 -64.94 -65.08 -65.22 -65.36 -65.50 -65.63 -65.76 -65.90 -66.03 -66.16 -66.28 -66.41 -66.53 -66.65 -66.78 -66.90 -67.01 -67.13 -67.25 -67.36 -67.47 -67.58 -67.70 -67.80 -67.91 -68.02 -100.00
-100.00 -67.88 -67.77 -67.66 -67.55 -67.43 -67.32 -67.21 -67.09 -66.97 -66.85 -66.73 -66.61 -66.48 -66.36 -66.23 -66.10 -65.97 -65.84 -65.71 -100.00 -65.44 -65.30 -65.16 -65.01 -64.87 -64.72 -64.57 -64.42 -64.27 -64.12 -63.96 -63.80 -63.64 -63.48 -63.32 -63.15 -62.98 -62.81 -62.64 -100.00 -62.29 -62.11 -61.93 -61.75 -61.57 -61.38 -61.20 -61.01 -60.82 -60.63 -60.45 -60.26 -60.07 -59.88 -59.69 -59.51 -59.33 -59.15 -58.97 -100.00 -58.64 -58.48 -58.33 -58.19 -58.05 -57.93 -57.82 -57.72 -57.64 -57.56 -57.51 -57.47 -57.44 -57.43 -57.44 -57.47 -57.51 -57.56 -57.64 -100.00 -57.82 -57.93 -58.05 -58.19 -58.33 -58.48 -58.64 -58.80 -58.97 -59.15 -59.33 -59.51 -59.69 -59.88 -60.07 -60.26 -60.45 -60.63 -60.82 -100.00 -61.20 -61.38 -61.57 -61.75 -61.93 -62.11 -62.29 -62.47 -62.64 -62.81 -62.98 -63.15 -63.32 -63.48 -63.64 -63.80 -63.96 -64.12 -64.27 -100.00 -64.57 -64.72 -64.87 -65.01 -65.16 -65.30 -65.44 -65.57 -65.71 -65.84 -65.97 -66.10 -66.23 -66.36 -66.48 -66.61 -66.73 -66.85 -66.97 -67.09 -67.21 -67.32 -67.43 -67.55 -67.66 -67.77 -67.88 -67.99 -100.00
-100.00 -67.84 -67.73 -67.62 -67.51 -67.40 -67.28 -67.17 -67.05 -66.93 -66.81 -66.69 -66.56 -66.44 -66.31 -66.18 -66.05 -65.92 -65.79 -65.65 -100.00 -65.38 -65.24 -65.09 -64.95 -64.80 -64.65 -64.50 -64.35 -64.20 -64.04 -63.88 -63.72 -63.55 -63.39 -63.22 -63.05 -62.88 -62.70 -62.53 -100.00 -62.17 -61.98 -61.80 -61.61 -61.42 -61.23 -61.04 -60.84 -60.65 -60.45 -60.26 -60.06 -59.86 -59.66 -59.47 -59.27 -59.08 -58.89 -58.71 -100.00 -58.35 -58.18 -58.02 -57.86 -57.72 -57.59 -57.47 -57.36 -57.27 -57.19 -57.13 -57.08 -57.06 -57.05 -57.06 -57.08 -57.13 -57.19 -57.27 -100.00 -57.47 -57.59 -57.72 -57.86 -58.02 -58.18 -58.35 -58.53 -58.71 -58.89 -59.08 -59.27 -59.47 -59.66 -59.86 -60.06 -60.26 -60.45 -60.65 -100.00 -61.04 -61.23 -61.42 -61.61 -61.80 -61.98 -62.17 -62.35 -62.53 -62.70 -62.88 -63.05 -63.22 -63.39 -63.55 -63.72 -63.88 -64.04 -64.20 -100.00 -64.50 -64.65 -64.80 -64.95 -65.09 -65.24 -65.38 -65.52 -65.65 -65.79 -65.92 -66.05 -66.18 -66.31 -66.44 -66.56 -66.69 -66.81 -66.93 -67.05 -67.17 -67.28 -67.40 -67.51 -67.62 -67.73 -67.84 -67.95 -100.00
-100.00 -67.81 -67.70 -67.59 -67.48 -67.36 -67.25 -67.13 -67.01 -66.89 -66.77 -66.64 -66.52 -66.39 -66.27 -66.14 -66.00 -65.87 -65.74 -65.60 -100.00 -65.32 -65.18 -65.03 -64.89 -64.74 -64.59 -64.43 -64.28 -64.12 -63.96 -63.80 -63.63 -63.47 -63.30 -63.13 -62.95 -62.78 -62.60 -62.42 -100.00 -62.05 -61.86 -61.67 -61.47 -61.28 -61.08 -60.88 -60.68 -60.48 -60.27 -60.07 -59.86 -59.65 -59.45 -59.24 -59.04 -58.83 -58.63 -58.44 -100.00 -58.05 -57.87 -57.70 -57.53 -57.38 -57.23 -57.10 -56.99 -56.88 -56.80 -56.73 -56.68 -56.65 -56.64 -56.65 -56.68 -56.73 -56.80 -56.88 -100.00 -57.10 -57.23 -57.38 -57.53 -57.70 -57.87 -58.05 -58.24 -58.44 -58.63 -58.83 -59.04 -59.24 -59.45 -59.65 -59.86 -60.07 -60.27 -60.48 -100.00 -60.88 -61.08 -61.28 -61.47 -61.67 -61.86 -62.05 -62.23 -62.42 -62.60 -62.78 -62.95 -63.13 -63.30 -63.47 -63.63 -63.80 -63.96 -64.12 -100.00 -64.43 -64.59 -64.74 -64.89 -65.03 -65.18 -65.32 -65.46 -65.60 -65.74 -65.87 -66.00 -66.14 -66.27 -66.39 -66.52 -66.64 -66.77 -66.89 -67.01 -67.13 -67.25 -67.36 -67.48 -67.59 -67.70 -67.81 -67.92 -100.00
-100.00 -67.78 -67.67 -67.56 -67.44 -67.33 -67.21 -67.09 -66.97 -66.85 -66.73 -66.60 -66.48 -66.35 -66.22 -66.09 -65.96 -65.82 -65.69 -65.55 -100.00 -65.26 -65.12 -64.97 -64.82 -64.67 -64.52 -64.37 -64.21 -64.05 -63.89 -63.72 -63.55 -63.38 -63.21 -63.04 -62.86 -62.68 -62.49 -62.31 -100.00 -61.93 -61.74 -61.54 -61.34 -61.14 -60.93 -60.73 -60.52 -60.31 -60.09 -59.88 -59.66 -59.45 -59.23 -59.01 -58.80 -58.58 -58.37 -58.16 -100.00 -57.75 -57.56 -57.37 -57.19 -57.02 -56.87 -56.72 -56.60 -56.48 -56.39 -56.32 -56.26 -56.23 -56.22 -56.23 -56.26 -56.32 -56.39 -56.48 -100.00 -56.72 -56.87 -57.02 -57.19 -57.37 -57.56 -57.75 -57.95 -58.16 -58.37 -58.58 -58.80 -59.01 -59.23 -59.45 -59.66 -59.88 -60.09 -60.31 -100.00 -60.73 -60.93 -61.14 -61.34 -61.54 -61.74 -61.93 -62.12 -62.31 -62.49 -62.68 -62.86 -63.04 -63.21 -63.38 -63.55 -63.72 -63.89 -64.05 -100.00 -64.37 -64.52 -64.67 -64.82 -64.97 -65.12 -65.26 -65.41 -65.55 -65.69 -65.82 -65.96 -66.09 -66.22 -66.35 -66.48 -66.60 -66.73 -66.85 -66.97 -67.09 -67.21 -67.33 -67.44 -67.56 -67.67 -67.78 -67.89 -100.00
-100.00 -67.75 -67.64 -67.53 -67.41 -67.29 -67.18 -67.06 -66.94 -66.81 -66.69 -66.57 -66.44 -66.31 -66.18 -66.05 -65.91 -65.78 -65.64 -65.50 -100.00 -65.21 -65.06 -64.92 -64.77 -64.61 -64.46 -64.30 -64.14 -63.98 -63.81 -63.64 -63.47 -63.30 -63.13 -62.95 -62.77 -62.58 -62.39 -62.20 -100.00 -61.81 -61.61 -61.41 -61.21 -61.00 -60.79 -60.57 -60.36 -60.14 -59.92 -59.69 -59.47 -59.24 -59.01 -58.79 -58.56 -58.33 -58.10 -57.88 -100.00 -57.44 -57.23 -57.03 -56.84 -56.65 -56.48 -56.33 -56.19 -56.07 -55.96 -55.88 -55.82 -55.79 -55.78 -55.79 -55.82 -55.88 -55.96 -56.07 -100.00 -56.33 -56.48 -56.65 -56.84 -57.03 -57.23 -57.44 -57.66 -57.88 -58.10 -58.33 -58.56 -58.79 -59.01 -59.24 -59.47 -59.69 -59.92 -60.14 -100.00 -60.57 -60.79 -61.00 -61.21 -61.41 -61.61 -61.81 -62.01 -62.20 -62.39 -62.58 -62.77 -62.95 -63.13 -63.30 -63.47 -63.64 -63.81 -63.98 -100.00 -64.30 -64.46 -64.61 -64.77 -64.92 -65.06 -65.21 -65.36 -65.50 -65.64 -65.78 -65.91 -66.05 -66.18 -66.31 -66.44 -66.57 -66.69 -66.81 -66.94 -67.06 -67.18 -67.29 -67.41 -67.53 -67.64 -67.75 -67.86 -100.00
-100.00 -67.72 -67.61 -67.50 -67.38 -67.26 -67.14 -67.02 -66.90 -66.78 -66.65 -66.53 -66.40 -66.27 -66.14 -66.00 -65.87 -65.73 -65.59 -65.45 -100.00 -65.16 -65.01 -64.86 -64.71 -64.55 -64.40 -64.24 -64.07 -63.91 -63.74 -63.57 -63.40 -63.22 -63.04 -62.86 -62.68 -62.49 -62.30 -62.10 -100.00 -61.70 -61.50 -61.29 -61.08 -60.86 -60.65 -60.42 -60.20 -59.97 -59.74 -59.51 -59.27 -59.04 -58.80 -58.56 -58.32 -58.07 -57.83 -57.60 -100.00 -57.13 -56.90 -56.68 -56.47 -56.27 -56.09 -55.92 -55.76 -55.63 -55.52 -55.42 -55.36 -55.32 -55.31 -55.32 -55.36 -55.42 -55.52 -55.63 -100.00 -55.92 -56.09 -56.27 -56.47 -56.68 -56.90 -57.13 -57.36 -57.60 -57.83 -58.07 -58.32 -58.56 -58.80 -59.04 -59.27 -59.51 -59.74 -59.97 -100.00 -60.42 -60.65 -60.86 -61.08 -61.29 -61.50 -61.70 -61.90 -62.10 -62.30 -62.49 -62.68 -62.86 -63.04 -63.22 -63.40 -63.57 -63.74 -63.91 -100.00 -64.24 -64.40 -64.55 -64.71 -64.86 -65.01 -65.16 -65.31 -65.45 -65.59 -65.73 -65.87 -66.00 -66.14 -66.27 -66.40 -66.53 -66.65 -66.78 -66.90 -67.02 -67.14 -67.26 -67.38 -67.50 -67.61 -67.72 -67.83 -100.00
-100.00 -67.70 -67.58 -67.47 -67.35 -67.23 -67.11 -66.99 -66.87 -66.75 -66.62 -66.49 -66.36 -66.23 -66.10 -65.96 -65.83 -65.69 -65.55 -65.40 -100.00 -65.11 -64.96 -64.81 -64.65 -64.50 -64.34 -64.18 -64.01 -63.84 -63.67 -63.50 -63.32 -63.14 -62.96 -62.78 -62.59 -62.40 -62.20 -62.00 -100.00 -61.59 -61.38 -61.17 -60.95 -60.73 -60.51 -60.28 -60.05 -59.81 -59.57 -59.33 -59.08 -58.83 -58.58 -58.33 -58.07 -57.82 -57.56 -57.31 -100.00 -56.81 -56.57 -56.33 -56.10 -55.88 -55.68 -55.49 -55.32 -55.17 -55.04 -54.94 -54.87 -54.82 -54.81 -54.82 -54.87 -54.94 -55.04 -55.17 -100.00 -55.49 -55.68 -55.88 -56.10 -56.33 -56.57 -56.81 -57.06 -57.31 -57.56 -57.82 -58.07 -58.33 -58.58 -58.83 -59.08 -59.33 -59.57 -59.81 -100.00 -60.28 -60.51 -60.73 -60.95 -61.17 -61.38 -61.59 -61.80 -62.00 -62.20 -62.40 -62.59 -62.78 -62.96 -63.14 -63.32 -63.50 -63.67 -63.84 -100.00 -64.18 -64.34 -64.50 -64.65 -64.81 -64.96 -65.11 -65.26 -65.40 -65.55 -65.69 -65.83 -65.96 -66.10 -66.23 -66.36 -66.49 -66.62 -66.75 -66.87 -66.99 -67.11 -67.23 -67.35 -67.47 -67.58 -67.70 -67.81 -100.00
-100.00 -67.67 -67.56 -67.44 -67.32 -67.20 -67.08 -66.96 -66.84 -66.71 -66.59 -66.46 -66.33 -66.20 -66.06 -65.93 -65.79 -65.65 -65.50 -65.36 -100.00 -65.06 -64.91 -64.76 -64.60 -64.44 -64.28 -64.12 -63.95 -63.78 -63.61 -63.43 -63.25 -63.07 -62.89 -62.70 -62.50 -62.31 -62.11 -61.91 -100.00 -61.49 -61.27 -61.05 -60.83 -60.60 -60.37 -60.13 -59.89 -59.65 -59.40 -59.15 -58.89 -58.63 -58.37 -58.10 -57.83 -57.56 -57.29 -57.02 -100.00 -56.48 -56.22 -55.96 -55.71 -55.48 -55.25 -55.04 -54.85 -54.69 -54.55 -54.43 -54.35 -54.30 -54.28 -54.30 -54.35 -54.43 -54.55 -54.69 -100.00 -55.04 -55.25 -55.48 -55.71 -55.96 -56.22 -56.48 -56.75 -57.02 -57.29 -57.56 -57.83 -58.10 -58.37 -58.63 -58.89 -59.15 -59.40 -59.65 -100.00 -60.13 -60.37 -60.60 -60.83 -61.05 -61.27 -61.49 -61.70 -61.91 -62.11 -62.31 -62.50 -62.70 -62.89 -63.07 -63.25 -63.43 -63.61 -63.78 -100.00 -64.12 -64.28 -64.44 -64.60 -64.76 -64.91 -65.06 -65.21 -65.36 -65.50 -65.65 -65.79 -65.93 -66.06 -66.20 -66.33 -66.46 -66.59 -66.71 -66.84 -66.96 -67.08 -67.20 -67.32 -67.44 -67.56 -67.67 -67.78 -100.00
-100.00 -67.65 -67.53 -67.42 -67.30 -67.18 -67.06 -66.93 -66.81 -66.68 -66.56 -66.43 -66.30 -66.16 -66.03 -65.89 -65.75 -65.61 -65.46 -65.32 -100.00 -65.02 -64.87 -64.71 -64.55 -64.39 -64.23 -64.06 -63.89 -63.72 -63.55 -63.37 -63.19 -63.00 -62.81 -62.62 -62.42 -62.23 -62.02 -61.81 -100.00 -61.39 -61.17 -60.94 -60.71 -60.48 -60.24 -60.00 -59.75 -59.49 -59.24 -58.97 -58.71 -58.44 -58.16 -57.88 -57.60 -57.31 -57.02 -56.73 -100.00 -56.16 -55.87 -55.59 -55.32 -55.06 -54.81 -54.58 -54.37 -54.18 -54.02 -53.89 -53.80 -53.74 -53.72 -53.74 -53.80 -53.89 -54.02 -54.18 -100.00 -54.58 -54.81 -55.06 -55.32 -55.59 -55.87 -56.16 -56.44 -56.73 -57.02 -57.31 -57.60 -57.88 -58.16 -58.44 -58.71 -58.97 -59.24 -59.49 -100.00 -60.00 -60.24 -60.48 -60.71 -60.94 -61.17 -61.39 -61.60 -61.81 -62.02 -62.23 -62.42 -62.62 -62.81 -63.00 -63.19 -63.37 -63.55 -63.72 -100.00 -64.06 -64.23 -64.39 -64.55 -64.71 -64.87 -65.02 -65.17 -65.32 -65.46 -65.61 -65.75 -65.89 -66.03 -66.16 -66.30 -66.43 -66.56 -66.68 -66.81 -66.93 -67.06 -67.18 -67.30 -67.42 -67.53 -67.65 -67.76 -100.00
-100.00 -67.62 -67.51 -67.39 -67.27 -67.15 -67.03 -66.91 -66.78 -66.66 -66.53 -66.40 -66.26 -66.13 -65.99 -65.86 -65.71 -65.57 -65.43 -65.28 -100.00 -64.98 -64.82 -64.67 -64.51 -64.35 -64.18 -64.01 -63.84 -63.67 -63.49 -63.31 -63.12 -62.93 -62.74 -62.55 -62.35 -62.15 -61.94 -61.73 -100.00 -61.29 -61.06 -60.83 -60.60 -60.36 -60.11 -59.86 -59.61 -59.34 -59.08 -58.80 -58.53 -58.24 -57.95 -57.66 -57.36 -57.06 -56.75 -56.44 -100.00 -55.82 -55.52 -55.21 -54.91 -54.63 -54.35 -54.09 -53.86 -53.64 -53.46 -53.32 -53.21 -53.14 -53.12 -53.14 -53.21 -53.32 -53.46 -53.64 -100.00 -54.09 -54.35 -54.63 -54.91 -55.21 -55.52 -55.82 -56.13 -56.44 -56.75 -57.06 -57.36 -57.66 -57.95 -58.24 -58.53 -58.80 -59.08 -59.34 -100.00 -59.86 -60.11 -60.36 -60.60 -60.83 -61.06 -61.29 -61.51 -61.73 -61.94 -62.15 -62.35 -62.55 -62.74 -62.93 -63.12 -63.31 -63.49 -63.67 -100.00 -64.01 -64.18 -64.35 -64.51 -64.67 -64.82 -64.98 -65.13 -65.28 -65.43 -65.57 -65.71 -65.86 -65.99 -66.13 -66.26 -66.40 -66.53 -66.66 -66.78 -66.91 -67.03 -67.15 -67.27 -67.39 -67.51 -67.62 -67.74 -100.00
-100.00 -67.60 -67.49 -67.37 -67.25 -67.13 -67.01 -66.88 -66.76 -66.63 -66.50 -66.37 -66.23 -66.10 -65.96 -65.82 -65.68 -65.54 -65.39 -65.24 -100.00 -64.94 -64.78 -64.63 -64.46 -64.30 -64.13 -63.96 -63.79 -63.61 -63.43 -63.25 -63.06 -62.87 -62.68 -62.48 -62.28 -62.07 -61.86 -61.64 -100.00 -61.20 -60.97 -60.73 -60.49 -60.24 -59.99 -59.73 -59.47 -59.20 -58.92 -58.64 -58.35 -58.05 -57.75 -57.44 -57.13 -56.81 -56.48 -56.16 -100.00 -55.49 -55.16 -54.82 -54.50 -54.18 -53.87 -53.58 -53.32 -53.08 -52.87 -52.70 -52.58 -52.50 -52.48 -52.50 -52.58 -52.70 -52.87 -53.08 -100.00 -53.58 -53.87 -54.18 -54.50 -54.82 -55.16 -55.49 -55.82 -56.16 -56.48 -56.81 -57.13 -57.44 -57.75 -58.05 -58.35 -58.64 -58.92 -59.20 -100.00 -59.73 -59.99 -60.24 -60.49 -60.73 -60.97 -61.20 -61.42 -61.64 -61.86 -62.07 -62.28 -62.48 -62.68 -62.87 -63.06 -63.25 -63.43 -63.61 -100.00 -63.96 -64.13 -64.30 -64.46 -64.63 -64.78 -64.94 -65.09 -65.24 -65.39 -65.54 -65.68 -65.82 -65.96 -66.10 -66.23 -66.37 -66.50 -66.63 -66.76 -66.88 -67.01 -67.13 -67.25 -67.37 -67.49 -67.60 -67.72 -100.00
-100.00 -67.58 -67.47 -67.35 -67.23 -67.11 -66.98 -66.86 -66.73 -66.60 -66.47 -66.34 -66.21 -66.07 -65.93 -65.79 -65.65 -65.51 -65.36 -65.21 -100.00 -64.90 -64.75 -64.59 -64.42 -64.26 -64.09 -63.92 -63.74 -63.56 -63.38 -63.20 -63.01 -62.81 -62.62 -62.41 -62.21 -62.00 -61.78 -61.56 -100.00 -61.11 -60.87 -60.63 -60.39 -60.13 -59.88 -59.61 -59.34 -59.06 -58.77 -58.48 -58.18 -57.87 -57.56 -57.23 -56.90 -56.57 -56.22 -55.87 -100.00 -55.16 -54.79 -54.43 -54.07 -53.72 -53.38 -53.06 -52.75 -52.48 -52.24 -52.05 -51.90 -51.81 -51.78 -51.81 -51.90 -52.05 -52.24 -52.48 -100.00 -53.06 -53.38 -53.72 -54.07 -54.43 -54.79 -55.16 -55.52 -55.87 -56.22 -56.57 -56.90 -57.23 -57.56 -57.87 -58.18 -58.48 -58.77 -59.06 -100.00 -59.61 -59.88 -60.13 -60.39 -60.63 -60.87 -61.11 -61.34 -61.56 -61.78 -62.00 -62.21 -62.41 -62.62 -62.81 -63.01 -63.20 -63.38 -63.56 -100.00 -63.92 -64.09 -64.26 -64.42 -64.59 -64.75 -64.90 -65.06 -65.21 -65.36 -65.51 -65.65 -65.79 -65.93 -66.07 -66.21 -66.34 -66.47 -66.60 -66.73 -66.86 -66.98 -67.11 -67.23 -67.35 -67.47 -67.58 -67.70 -100.00
-100.00 -67.56 -67.45 -67.33 -67.21 -67.09 -66.96 -66.84 -66.71 -66.58 -66.45 -66.32 -66.18 -66.05 -65.91 -65.77 -65.62 -65.48 -65.33 -65.18 -100.00 -64.87 -64.71 -64.55 -64.38 -64.22 -64.05 -63.87 -63.70 -63.52 -63.33 -63.14 -62.95 -62.76 -62.56 -62.35 -62.15 -61.93 -61.71 -61.49 -100.00 -61.03 -60.79 -60.54 -60.29 -60.03 -59.77 -59.49 -59.21 -58.93 -58.63 -58.33 -58.02 -57.70 -57.37 -57.03 -56.68 -56.33 -55.96 -55.59 -100.00 -54.82 -54.43 -54.04 -53.64 -53.25 -52.87 -52.50 -52.16 -51.84 -51.57 -51.34 -51.17 -51.06 -51.03 -51.06 -51.17 -51.34 -51.57 -51.84 -100.00 -52.50 -52.87 -53.25 -53.64 -54.04 -54.43 -54.82 -55.21 -55.59 -55.96 -56.33 -56.68 -57.03 -57.37 -57.70 -58.02 -58.33 -58.63 -58.93 -100.00 -59.49 -59.77 -60.03 -60.29 -60.54 -60.79 -61.03 -61.26 -61.49 -61.71 -61.93 -62.15 -62.35 -62.56 -62.76 -62.95 -63.14 -63.33 -63.52 -100.00 -63.87 -64.05 -64.22 -64.38 -64.55 -64.71 -64.87 -65.02 -65.18 -65.33 -65.48 -65.62 -65.77 -65.91 -66.05 -66.18 -66.32 -66.45 -66.58 -66.71 -66.84 -66.96 -67.09 -67.21 -67.33 -67.45 -67.56 -67.68 -100.00
-100.00 -67.55 -67.43 -67.31 -67.19 -67.07 -66.94 -66.82 -66.69 -66.56 -66.43 -66.30 -66.16 -66.02 -65.88 -65.74 -65.60 -65.45 -65.30 -65.15 -100.00 -64.84 -64.68 -64.52 -64.35 -64.18 -64.01 -63.83 -63.66 -63.47 -63.29 -63.10 -62.90 -62.71 -62.50 -62.30 -62.09 -61.87 -61.65 -61.42 -100.00 -60.95 -60.71 -60.46 -60.20 -59.94 -59.66 -59.39 -59.10 -58.80 -58.50 -58.19 -57.86 -57.53 -57.19 -56.84 -56.47 -56.10 -55.71 -55.32 -100.00 -54.50 -54.07 -53.64 -53.21 -52.78 -52.35 -51.93 -51.54 -51.17 -50.84 -50.57 -50.37 -50.24 -50.20 -50.24 -50.37 -50.57 -50.84 -51.17 -100.00 -51.93 -52.35 -52.78 -53.21 -53.64 -54.07 -54.50 -54.91 -55.32 -55.71 -56.10 -56.47 -56.84 -57.19 -57.53 -57.86 -58.19 -58.50 -58.80 -100.00 -59.39 -59.66 -59.94 -60.20 -60.46 -60.71 -60.95 -61.19 -61.42 -61.65 -61.87 -62.09 -62.30 -62.50 -62.71 -62.90 -63.10 -63.29 -63.47 -100.00 -63.83 -64.01 -64.18 -64.35 -64.52 -64.68 -64.84 -64.99 -65.15 -65.30 -65.45 -65.60 -65.74 -65.88 -66.02 -66.16 -66.30 -66.43 -66.56 -66.69 -66.82 -66.94 -67.07 -67.19 -67.31 -67.43 -67.55 -67.66 -100.00
-100.00 -67.53 -67.41 -67.29 -67.17 -67.05 -66.93 -66.80 -66.67 -66.54 -66.41 -66.27 -66.14 -66.00 -65.86 -65.72 -65.57 -65.42 -65.27 -65.12 -100.00 -64.81 -64.65 -64.48 -64.32 -64.15 -63.98 -63.80 -63.62 -63.43 -63.25 -63.06 -62.86 -62.66 -62.46 -62.25 -62.03 -61.81 -61.59 -61.36 -100.00 -60.88 -60.63 -60.38 -60.12 -59.85 -59.57 -59.29 -58.99 -58.69 -58.38 -58.05 -57.72 -57.38 -57.02 -56.65 -56.27 -55.88 -55.48 -55.06 -100.00 -54.18 -53.72 -53.25 -52.78 -52.30 -51.81 -51.34 -50.88 -50.45 -50.07 -49.74 -49.49 -49.34 -49.29 -49.34 -49.49 -49.74 -50.07 -50.45 -100.00 -51.34 -51.81 -52.30 -52.78 -53.25 -53.72 -54.18 -54.63 -55.06 -55.48 -55.88 -56.27 -56.65 -57.02 -57.38 -57.72 -58.05 -58.38 -58.69 -100.00 -59.29 -59.57 -59.85 -60.12 -60.38 -60.63 -60.88 -61.12 -61.36 -61.59 -61.81 -62.03 -62.25 -62.46 -62.66 -62.86 -63.06 -63.25 -63.43 -100.00 -63.80 -63.98 -64.15 -64.32 -64.48 -64.65 -64.81 -64.97 -65.12 -65.27 -65.42 -65.57 -65.72 -65.86 -66.00 -66.14 -66.27 -66.41 -66.54 -66.67 -66.80 -66.93 -67.05 -67.17 -67.29 -67.41 -67.53 -67.65 -100.00
-100.00 -67.52 -67.40 -67.28 -67.16 -67.04 -66.91 -66.78 -66.65 -66.52 -66.39 -66.26 -66.12 -65.98 -65.84 -65.70 -65.55 -65.40 -65.25 -65.10 -100.00 -64.78 -64.62 -64.46 -64.29 -64.12 -63.94 -63.77 -63.58 -63.40 -63.21 -63.02 -62.82 -62.62 -62.41 -62.20 -61.98 -61.76 -61.54 -61.30 -100.00 -60.82 -60.57 -60.31 -60.04 -59.77 -59.48 -59.19 -58.89 -58.58 -58.26 -57.93 -57.59 -57.23 -56.87 -56.48 -56.09 -55.68 -55.25 -54.81 -100.00 -53.87 -53.38 -52.87 -52.35 -51.81 -51.27 -50.73 -50.20 -49.69 -49.23 -48.83 -48.53 -48.33 -48.26 -48.33 -48.53 -48.83 -49.23 -49.69 -100.00 -50.73 -51.27 -51.81 -52.35 -52.87 -53.38 -53.87 -54.35 -54.81 -55.25 -55.68 -56.09 -56.48 -56.87 -57.23 -57.59 -57.93 -58.26 -58.58 -100.00 -59.19 -59.48 -59.77 -60.04 -60.31 -60.57 -60.82 -61.06 -61.30 -61.54 -61.76 -61.98 -62.20 -62.41 -62.62 -62.82 -63.02 -63.21 -63.40 -100.00 -63.77 -63.94 -64.12 -64.29 -64.46 -64.62 -64.78 -64.94 -65.10 -65.25 -65.40 -65.55 -65.70 -65.84 -65.98 -66.12 -66.26 -66.39 -66.52 -66.65 -66.78 -66.91 -67.04 -67.16 -67.28 -67.40 -67.52 -67.64 -100.00
-100.00 -67.51 -67.39 -67.27 -67.15 -67.02 -66.90 -66.77 -66.64 -66.51 -66.38 -66.24 -66.10 -65.96 -65.82 -65.68 -65.53 -65.38 -65.23 -65.08 -100.00 -64.76 -64.60 -64.43 -64.26 -64.09 -63.92 -63.74 -63.55 -63.37 -63.18 -62.98 -62.78 -62.58 -62.37 -62.16 -61.94 -61.72 -61.49 -61.25 -100.00 -60.76 -60.51 -60.24 -59.97 -59.69 -59.41 -59.11 -58.80 -58.49 -58.16 -57.82 -57.47 -57.10 -56.72 -56.33 -55.92 -55.49 -55.04 -54.58 -100.00 -53.58 -53.06 -52.50 -51.93 -51.34 -50.73 -50.11 -49.49 -48.89 -48.33 -47.83 -47.44 -47.19 -47.10 -47.19 -47.44 -47.83 -48.33 -48.89 -100.00 -50.11 -50.73 -51.34 -51.93 -52.50 -53.06 -53.58 -54.09 -54.58 -55.04 -55.49 -55.92 -56.33 -56.72 -57.10 -57.47 -57.82 -58.16 -58.49 -100.00 -59.11 -59.41 -59.69 -59.97 -60.24 -60.51 -60.76 -61.01 -61.25 -61.49 -61.72 -61.94 -62.16 -62.37 -62.58 -62.78 -62.98 -63.18 -63.37 -100.00 -63.74 -63.92 -64.09 -64.26 -64.43 -64.60 -64.76 -64.92 -65.08 -65.23 -65.38 -65.53 -65.68 -65.82 -65.96 -66.10 -66.24 -66.38 -66.51 -66.64 -66.77 -66.90 -67.02 -67.15 -67.27 -67.39 -67.51 -67.62 -100.00
-100.00 -67.50 -67.38 -67.26 -67.13 -67.01 -66.88 -66.76 -66.63 -66.50 -66.36 -66.23 -66.09 -65.95 -65.81 -65.66 -65.52 -65.37 -65.21 -65.06 -100.00 -64.74 -64.58 -64.41 -64.24 -64.07 -63.89 -63.71 -63.53 -63.34 -63.15 -62.95 -62.75 -62.55 -62.34 -62.12 -61.90 -61.68 -61.45 -61.21 -100.00 -60.71 -60.45 -60.19 -59.91 -59.63 -59.34 -59.04 -58.73 -58.40 -58.07 -57.72 -57.36 -56.99 -56.60 -56.19 -55.76 -55.32 -54.85 -54.37 -100.00 -53.32 -52.75 -52.16 -51.54 -50.88 -50.20 -49.49 -48.77 -48.05 -47.36 -46.73 -46.22 -45.88 -45.76 -45.88 -46.22 -46.73 -47.36 -48.05 -100.00 -49.49 -50.20 -50.88 -51.54 -52.16 -52.75 -53.32 -53.86 -54.37 -54.85 -55.32 -55.76 -56.19 -56.60 -56.99 -57.36 -57.72 -58.07 -58.40 -100.00 -59.04 -59.34 -59.63 -59.91 -60.19 -60.45 -60.71 -60.96 -61.21 -61.45 -61.68 -61.90 -62.12 -62.34 -62.55 -62.75 -62.95 -63.15 -63.34 -100.00 -63.71 -63.89 -64.07 -64.24 -64.41 -64.58 -64.74 -64.90 -65.06 -65.21 -65.37 -65.52 -65.66 -65.81 -65.95 -66.09 -66.23 -66.36 -66.50 -66.63 -66.76 -66.88 -67.01 -67.13 -67.26 -67.38 -67.50 -67.61 -100.00
-100.00 -67.49 -67.37 -67.25 -67.12 -67.00 -66.87 -66.75 -66.62 -66.48 -66.35 -66.21 -66.08 -65.94 -65.79 -65.65 -65.50 -65.35 -65.20 -65.04 -100.00 -64.72 -64.56 -64.39 -64.22 -64.05 -63.87 -63.69 -63.51 -63.32 -63.13 -62.93 -62.73 -62.52 -62.31 -62.09 -61.87 -61.64 -61.41 -61.17 -100.00 -60.67 -60.41 -60.14 -59.86 -59.58 -59.28 -58.97 -58.66 -58.33 -57.99 -57.64 -57.27 -56.88 -56.48 -56.07 -55.63 -55.17 -54.69 -54.18 -100.00 -53.08 -52.48 -51.84 -51.17 -50.45 -49.69 -48.89 -48.05 -47.19 -46.33 -45.52 -44.82 -44.35 -44.18 -44.35 -44.82 -45.52 -46.33 -47.19 -100.00 -48.89 -49.69 -50.45 -51.17 -51.84 -52.48 -53.08 -53.64 -54.18 -54.69 -55.17 -55.63 -56.07 -56.48 -56.88 -57.27 -57.64 -57.99 -58.33 -100.00 -58.97 -59.28 -59.58 -59.86 -60.14 -60.41 -60.67 -60.92 -61.17 -61.41 -61.64 -61.87 -62.09 -62.31 -62.52 -62.73 -62.93 -63.13 -63.32 -100.00 -63.69 -63.87 -64.05 -64.22 -64.39 -64.56 -64.72 -64.89 -65.04 -65.20 -65.35 -65.50 -65.65 -65.79 -65.94 -66.08 -66.21 -66.35 -66.48 -66.62 -66.75 -66.87 -67.00 -67.12 -67.25 -67.37 -67.49 -67.60 -100.00
-100.00 -67.48 -67.36 -67.24 -67.12 -66.99 -66.87 -66.74 -66.61 -66.47 -66.34 -66.20 -66.07 -65.93 -65.78 -65.64 -65.49 -65.34 -65.19 -65.03 -100.00 -64.71 -64.55 -64.38 -64.21 -64.03 -63.86 -63.67 -63.49 -63.30 -63.11 -62.91 -62.70 -62.50 -62.28 -62.07 -61.84 -61.61 -61.38 -61.14 -100.00 -60.63 -60.37 -60.10 -59.82 -59.53 -59.23 -58.92 -58.60 -58.27 -57.92 -57.56 -57.19 -56.80 -56.39 -55.96 -55.52 -55.04 -54.55 -54.02 -100.00 -52.87 -52.24 -51.57 -50.84 -50.07 -49.23 -48.33 -47.36 -46.33 -45.25 -44.18 -43.21 -42.50 -42.24 -42.50 -43.21 -44.18 -45.25 -46.33 -100.00 -48.33 -49.23 -50.07 -50.84 -51.57 -52.24 -52.87 -53.46 -54.02 -54.55 -55.04 -55.52 -55.96 -56.39 -56.80 -57.19 -57.56 -57.92 -58.27 -100.00 -58.92 -59.23 -59.53 -59.82 -60.10 -60.37 -60.63 -60.89 -61.14 -61.38 -61.61 -61.84 -62.07 -62.28 -62.50 -62.70 -62.91 -63.11 -63.30 -100.00 -63.67 -63.86 -64.03 -64.21 -64.38 -64.55 -64.71 -64.87 -65.03 -65.19 -65.34 -65.49 -65.64 -65.78 -65.93 -66.07 -66.20 -66.34 -66.47 -66.61 -66.74 -66.87 -66.99 -67.12 -67.24 -67.36 -67.48 -67.60 -100.00
-100.00 -67.47 -67.35 -67.23 -67.11 -66.99 -66.86 -66.73 -66.60 -66.47 -66.33 -66.20 -66.06 -65.92 -65.77 -65.63 -65.48 -65.33 -65.18 -65.02 -100.00 -64.70 -64.53 -64.37 -64.20 -64.02 -63.84 -63.66 -63.47 -63.28 -63.09 -62.89 -62.69 -62.48 -62.27 -62.05 -61.82 -61.59 -61.36 -61.11 -100.00 -60.61 -60.34 -60.07 -59.79 -59.49 -59.19 -58.88 -58.56 -58.22 -57.87 -57.51 -57.13 -56.73 -56.32 -55.88 -55.42 -54.94 -54.43 -53.89 -100.00 -52.70 -52.05 -51.34 -50.57 -49.74 -48.83 -47.83 -46.73 -45.52 -44.18 -42.75 -41.34 -40.20 -39.74 -40.20 -41.34 -42.75 -44.18 -45.52 -100.00 -47.83 -48.83 -49.74 -50.57 -51.34 -52.05 -52.70 -53.32 -53.89 -54.43 -54.94 -55.42 -55.88 -56.32 -56.73 -57.13 -57.51 -57.87 -58.22 -100.00 -58.88 -59.19 -59.49 -59.79 -60.07 -60.34 -60.61 -60.86 -61.11 -61.36 -61.59 -61.82 -62.05 -62.27 -62.48 -62.69 -62.89 -63.09 -63.28 -100.00 -63.66 -63.84 -64.02 -64.20 -64.37 -64.53 -64.70 -64.86 -65.02 -65.18 -65.33 -65.48 -65.63 -65.77 -65.92 -66.06 -66.20 -66.33 -66.47 -66.60 -66.73 -66.86 -66.99 -67.11 -67.23 -67.35 -67.47 -67.59 -100.00
-100.00 -67.47 -67.35 -67.23 -67.11 -66.98 -66.85 -66.73 -66.60 -66.46 -66.33 -66.19 -66.05 -65.91 -65.77 -65.62 -65.47 -65.32 -65.17 -65.01 -100.00 -64.69 -64.53 -64.36 -64.19 -64.01 -63.83 -63.65 -63.46 -63.27 -63.08 -62.88 -62.68 -62.47 -62.25 -62.03 -61.81 -61.58 -61.34 -61.10 -100.00 -60.59 -60.32 -60.05 -59.76 -59.47 -59.17 -58.85 -58.53 -58.19 -57.83 -57.47 -57.08 -56.68 -56.26 -55.82 -55.36 -54.87 -54.35 -53.80 -100.00 -52.58 -51.90 -51.17 -50.37 -49.49 -48.53 -47.44 -46.22 -44.82 -43.21 -41.34 -39.23 -37.19 -36.22 -37.19 -39.23 -41.34 -43.21 -44.82 -100.00 -47.44 -48.53 -49.49 -50.37 -51.17 -51.90 -52.58 -53.21 -53.80 -54.35 -54.87 -55.36 -55.82 -56.26 -56.68 -57.08 -57.47 -57.83 -58.19 -100.00 -58.85 -59.17 -59.47 -59.76 -60.05 -60.32 -60.59 -60.84 -61.10 -61.34 -61.58 -61.81 -62.03 -62.25 -62.47 -62.68 -62.88 -63.08 -63.27 -100.00 -63.65 -63.83 -64.01 -64.19 -64.36 -64.53 -64.69 -64.85 -65.01 -65.17 -65.32 -65.47 -65.62 -65.77 -65.91 -66.05 -66.19 -66.33 -66.46 -66.60 -66.73 -66.85 -66.98 -67.11 -67.23 -67.35 -67.47 -67.59 -100.00
-100.00 -67.47 -67.35 -67.23 -67.10 -66.98 -66.85 -66.72 -66.59 -66.46 -66.32 -66.19 -66.05 -65.91 -65.76 -65.62 -65.47 -65.32 -65.17 -65.01 -100.00 -64.69 -64.52 -64.35 -64.18 -64.01 -63.83 -63.64 -63.46 -63.27 -63.07 -62.87 -62.67 -62.46 -62.24 -62.02 -61.80 -61.57 -61.33 -61.09 -100.00 -60.57 -60.31 -60.03 -59.75 -59.45 -59.15 -58.83 -58.51 -58.17 -57.81 -57.44 -57.06 -56.65 -56.23 -55.79 -55.32 -54.82 -54.30 -53.74 -100.00 -52.50 -51.81 -51.06 -50.24 -49.34 -48.33 -47.19 -45.88 -44.35 -42.50 -40.20 -37.19 -33.21 -30.20 -33.21 -37.19 -40.20 -42.50 -44.35 -100.00 -47.19 -48.33 -49.34 -50.24 -51.06 -51.81 -52.50 -53.14 -53.74 -54.30 -54.82 -55.32 -55.79 -56.23 -56.65 -57.06 -57.44 -57.81 -58.17 -100.00 -58.83 -59.15 -59.45 -59.75 -60.03 -60.31 -60.57 -60.83 -61.09 -61.33 -61.57 -61.80 -62.02 -62.24 -62.46 -62.67 -62.87 -63.07 -63.27 -100.00 -63.64 -63.83 -64.01 -64.18 -64.35 -64.52 -64.69 -64.85 -65.01 -65.17 -65.32 -65.47 -65.62 -65.76 -65.91 -66.05 -66.19 -66.32 -66.46 -66.59 -66.72 -66.85 -66.98 -67.10 -67.23 -67.35 -67.47 -67.59 -100.00
-100.00 -67.47 -67.35 -67.23 -67.10 -66.98 -66.85 -66.72 -66.59 -66.46 -66.32 -66.19 -66.05 -65.91 -65.76 -65.62 -65.47 -65.32 -65.16 -65.01 -100.00 -64.69 -64.52 -64.35 -64.18 -64.00 -63.83 -63.64 -63.46 -63.26 -63.07 -62.87 -62.67 -62.46 -62.24 -62.02 -61.80 -61.56 -61.33 -61.08 -100.00 -60.57 -60.30 -60.03 -59.74 -59.45 -59.14 -58.83 -58.50 -58.16 -57.80 -57.43 -57.05 -56.64 -56.22 -55.78 -55.31 -54.81 -54.28 -53.72 -100.00 -52.48 -51.78 -51.03 -50.20 -49.29 -48.26 -47.10 -45.76 -44.18 -42.24 -39.74 -36.22 -30.20 -30.00 -30.20 -36.22 -39.74 -42.24 -44.18 -100.00 -47.10 -48.26 -49.29 -50.20 -51.03 -51.78 -52.48 -53.12 -53.72 -54.28 -54.81 -55.31 -55.78 -56.22 -56.64 -57.05 -57.43 -57.80 -58.16 -100.00 -58.83 -59.14 -59.45 -59.74 -60.03 -60.30 -60.57 -60.83 -61.08 -61.33 -61.56 -61.80 -62.02 -62.24 -62.46 -62.67 -62.87 -63.07 -63.26 -100.00 -63.64 -63.83 -64.00 -64.18 -64.35 -64.52 -64.69 -64.85 -65.01 -65.16 -65.32 -65.47 -65.62 -65.76 -65.91 -66.05 -66.19 -66.32 -66.46 -66.59 -66.72 -66.85 -66.98 -67.10 -67.23 -67.35 -67.47 -67.58 -100.00
-100.00 -67.47 -67.35 -67.23 -67.10 -66.98 -66.85 -66.72 -66.59 -66.46 -66.32 -66.19 -66.05 -65.91 -65.76 -65.62 -65.47 -65.32 -65.17 -65.01 -100.00 -64.69 -64.52 -64.35 -64.18 -64.01 -63.83 -63.64 -63.46 -63.27 -63.07 -62.87 -62.67 -62.46 -62.24 -62.02 -61.80 -61.57 -61.33 -61.09 -100.00 -60.57 -60.31 -60.03 -59.75 -59.45 -59.15 -58.83 -58.51 -58.17 -57.81 -57.44 -57.06 -56.65 -56.23 -55.79 -55.32 -54.82 -54.30 -53.74 -100.00 -52.50 -51.81 -51.06 -50.24 -49.34 -48.33 -47.19 -45.88 -44.35 -42.50 -40.20 -37.19 -33.21 -30.20 -33.21 -37.19 -40.20 -42.50 -44.35 -100.00 -47.19 -48.33 -49.34 -50.24 -51.06 -51.81 -52.50 -53.14 -53.74 -54.30 -54.82 -55.32 -55.79 -56.23 -56.65 -57.06 -57.44 -57.81 -58.17 -100.00 -58.83 -59.15 -59.45 -59.75 -60.03 -60.31 -60.57 -60.83 -61.09 -61.33 -61.57 -61.80 -62.02 -62.24 -62.46 -62.67 -62.87 -63.07 -63.27 -100.00 -63.64 -63.83 -64.01 -64.18 -64.35 -64.52 -64.69 -64.85 -65.01 -65.17 -65.32 -65.47 -65.62 -65.76 -65.91 -66.05 -66.19 -66.32 -66.46 -66.59 -66.72 -66.85 -66.98 -67.10 -67.23 -67.35 -67.47 -67.59 -100.00
-100.00 -67.47 -67.35 -67.23 -67.11 -66.98 -66.85 -66.73 -66.60 -66.46 -66.33 -66.19 -66.05 -65.91 -65.77 -65.62 -65.47 -65.32 -65.17 -65.01 -100.00 -64.69 -64.53 -64.36 -64.19 -64.01 -63.83 -63.65 -63.46 -63.27 -63.08 -62.88 -62.68 -62.47 -62.25 -62.03 -61.81 -61.58 -61.34 -61.10 -100.00 -60.59 -60.32 -60.05 -59.76 -59.47 -59.17 -58.85 -58.53 -58.19 -57.83 -57.47 -57.08 -56.68 -56.26 -55.82 -55.36 -54.87 -54.35 -53.80 -100.00 -52.58 -51.90 -51.17 -50.37 -49.49 -48.53 -47.44 -46.22 -44.82 -43.21 -41.34 -39.23 -37.19 -36.22 -37.19 -39.23 -41.34 -43.21 -44.82 -100.00 -47.44 -48.53 -49.49 -50.37 -51.17 -51.90 -52.58 -53.21 -53.80 -54.35 -54.87 -55.36 -55.82 -56.26 -56.68 -57.08 -57.47 -57.83 -58.19 -100.00 -58.85 -59.17 -59.47 -59.76 -60.05 -60.32 -60.59 -60.84 -61.10 -61.34 -61.58 -61.81 -62.03 -62.25 -62.47 -62.68 -62.88 -63.08 -63.27 -100.00 -63.65 -63.83 -64.01 -64.19 -64.36 -64.53 -64.69 -64.85 -65.01 -65.17 -65.32 -65.47 -65.62 -65.77 -65.91 -66.05 -66.19 -66.33 -66.46 -66.60 -66.73 -66.85 -66.98 -67.11 -67.23 -67.35 -67.47 -67.59 -100.00
-100.00 -67.47 -67.35 -67.23 -67.11 -66.99 -66.86 -66.73 -66.60 -66.47 -66.33 -66.20 -66.06 -65.92 -65.77 -65.63 -65.48 -65.33 -65.18 -65.02 -100.00 -64.70 -64.53 -64.37 -64.20 -64.02 -63.84 -63.66 -63.47 -63.28 -63.09 -62.89 -62.69 -62.48 -62.27 -62.05 -61.82 -61.59 -61.36 -61.11 -100.00 -60.61 -60.34 -60.07 -59.79 -59.49 -59.19 -58.88 -58.56 -58.22 -57.87 -57.51 -57.13 -56.73 -56.32 -55.88 -55.42 -54.94 -54.43 -53.89 -100.00 -52.70 -52.05 -51.34 -50.57 -49.74 -48.83 -47.83 -46.73 -45.52 -44.18 -42.75 -41.34 -40.20 -39.74 -40.20 -41.34 -42.75 -44.18 -45.52 -100.00 -47.83 -48.83 -49.74 -50.57 -51.34 -52.05 -52.70 -53.32 -53.89 -54.43 -54.94 -55.42 -55.88 -56.32 -56.73 -57.13 -57.51 -57.87 -58.22 -100.00 -58.88 -59.19 -59.49 -59.79 -60.07 -60.34 -60.61 -60.86 -61.11 -61.36 -61.59 -61.82 -62.05 -62.27 -62.48 -62.69 -62.89 -63.09 -63.28 -100.00 -63.66 -63.84 -64.02 -64.20 -64.37 -64.53 -64.70 -64.86 -65.02 -65.18 -65.33 -65.48 -65.63 -65.77 -65.92 -66.06 -66.20 -66.33 -66.47 -66.60 -66.73 -66.86 -66.99 -67.11 -67.23 -67.35 -67.47 -67.59 -100.00
-100.00 -67.48 -67.36 -67.24 -67.12 -66.99 -66.87 -66.74 -66.61 -66.47 -66.34 -66.20 -66.07 -65.93 -65.78 -65.64 -65.49 -65.34 -65.19 -65.03 -100.00 -64.71 -64.55 -64.38 -64.21 -64.03 -63.86 -63.67 -63.49 -63.30 -63.11 -62.91 -62.70 -62.50 -62.28 -62.07 -61.84 -61.61 -61.38 -61.14 -100.00 -60.63 -60.37 -60.10 -59.82 -59.53 -59.23 -58.92 -58.60 -58.27 -57.92 -57.56 -57.19 -56.80 -56.39 -55.96 -55.52 -55.04 -54.55 -54.02 -100.00 -52.87 -52.24 -51.57 -50.84 -50.07 -49.23 -48.33 -47.36 -46.33 -45.25 -44.18 -43.21 -42.50 -42.24 -42.50 -43.21 -44.18 -45.25 -46.33 -100.00 -48.33 -49.23 -50.07 -50.84 -51.57 -52.24 -52.87 -53.46 -54.02 -54.55 -55.04 -55.52 -55.96 -56.39 -56.80 -57.19 -57.56 -57.92 -58.27 -100.00 -58.92 -59.23 -59.53 -59.82 -60.10 -60.37 -60.63 -60.89 -61.14 -61.38 -61.61 -61.84 -62.07 -62.28 -62.50 -62.70 -62.91 -63.11 -63.30 -100.00 -63.67 -63.86 -64.03 -64.21 -64.38 -64.55 -64.71 -64.87 -65.03 -65.19 -65.34 -65.49 -65.64 -65.78 -65.93 -66.07 -66.20 -66.34 -66.47 -66.61 -66.74 -66.87 -66.99 -67.12 -67.24 -67.36 -67.48 -67.60 -100.00
-100.00 -67.49 -67.37 -67.25 -67.12 -67.00 -66.87 -66.75 -66.62 -66.48 -66.35 -66.21 -66.08 -65.94 -65.79 -65.65 -65.50 -65.35 -65.20 -65.04 -100.00 -64.72 -64.56 -64.39 -64.22 -64.05 -63.87 -63.69 -63.51 -63.32 -63.13 -62.93 -62.73 -62.52 -62.31 -62.09 -61.87 -61.64 -61.41 -61.17 -100.00 -60.67 -60.41 -60.14 -59.86 -59.58 -59.28 -58.97 -58.66 -58.33 -57.99 -57.64 -57.27 -56.88 -56.48 -56.07 -55.63 -55.17 -54.69 -54.18 -100.00 -53.08 -52.48 -51.84 -51.17 -50.45 -49.69 -48.89 -48.05 -47.19 -46.33 -45.52 -44.82 -44.35 -44.18 -44.35 -44.82 -45.52 -46.33 -47.19 -100.00 -48.89 -49.69 -50.45 -51.17 -51.84 -52.48 -53.08 -53.64 -54.18 -54.69 -55.17 -55.63 -56.07 -56.48 -56.88 -57.27 -57.64 -57.99 -58.33 -100.00 -58.97 -59.28 -59.58 -59.86 -60.14 -60.41 -60.67 -60.92 -61.17 -61.41 -61.64 -61.87 -62.09 -62.31 -62.52 -62.73 -62.93 -63.13 -63.32 -100.00 -63.69 -63.87 -64.05 -64.22 -64.39 -64.56 -64.72 -64.89 -65.04 -65.20 -65.35 -65.50 -65.65 -65.79 -65.94 -66.08 -66.21 -66.35 -66.48 -66.62 -66.75 -66.87 -67.00 -67.12 -67.25 -67.37 -67.49 -67.60 -100.00
-100.00 -67.50 -67.38 -67.26 -67.13 -67.01 -66.88 -66.76 -66.63 -66.50 -66.36 -66.23 -66.09 -65.95 -65.81 -65.66 -65.52 -65.37 -65.21 -65.06 -100.00 -64.74 -64.58 -64.41 -64.24 -64.07 -63.89 -63.71 -63.53 -63.34 -63.15 -62.95 -62.75 -62.55 -62.34 -62.12 -61.90 -61.68 -61.45 -61.21 -100.00 -60.71 -60.45 -60.19 -59.91 -59.63 -59.34 -59.04 -58.73 -58.40 -58.07 -57.72 -57.36 -56.99 -56.60 -56.19 -55.76 -55.32 -54.85 -54.37 -100.00 -53.32 -52.75 -52.16 -51.54 -50.88 -50.20 -49.49 -48.77 -48.05 -47.36 -46.73 -46.22 -45.88 -45.76 -45.88 -46.22 -46.73 -47.36 -48.05 -100.00 -49.49 -50.20 -50.88 -51.54 -52.16 -52.75 -53.32 -53.86 -54.37 -54.85 -55.32 -55.76 -56.19 -56.60 -56.99 -57.36 -57.72 -58.07 -58.40 -100.00 -59.04 -59.34 -59.63 -59.91 -60.19 -60.45 -60.71 -60.96 -61.21 -61.45 -61.68 -61.90 -62.12 -62.34 -62.55 -62.75 -62.95 -63.15 -63.34 -100.00 -63.71 -63.89 -64.07 -64.24 -64.41 -64.58 -64.74 -64.90 -65.06 -65.21 -65.37 -65.52 -65.66 -65.81 -65.95 -66.09 -66.23 -66.36 -66.50 -66.63 -66.76 -66.88 -67.01 -67.13 -67.26 -67.38 -67.50 -67.61 -100.00
-100.00 -67.51 -67.39 -67.27 -67.15 -67.02 -66.90 -66.77 -66.64 -66.51 -66.38 -66.24 -66.10 -65.96 -65.82 -65.68 -65.53 -65.38 -65.23 -65.08 -100.00 -64.76 -64.60 -64.43 -64.26 -64.09 -63.92 -63.74 -63.55 -63.37 -63.18 -62.98 -62.78 -62.58 -62.37 -62.16 -61.94 -61.72 -61.49 -61.25 -100.00 -60.76 -60.51 -60.24 -59.97 -59.69 -59.41 -59.11 -58.80 -58.49 -58.16 -57.82 -57.47 -57.10 -56.72 -56.33 -55.92 -55.49 -55.04 -54.58 -100.00 -53.58 -53.06 -52.50 -51.93 -51.34 -50.73 -50.11 -49.49 -48.89 -48.33 -47.83 -47.44 -47.19 -47.10 -47.19 -47.44 -47.83 -48.33 -48.89 -100.00 -50.11 -50.73 -51.34 -51.93 -52.50 -53.06 -53.58 -54.09 -54.58 -55.04 -55.49 -55.92 -56.33 -56.72 -57.10 -57.47 -57.82 -58.16 -58.49 -100.00 -59.11 -59.41 -59.69 -59.97 -60.24 -60.51 -60.76 -61.01 -61.25 -61.49 -61.72 -61.94 -62.16 -62.37 -62.58 -62.78 -62.98 -63.18 -63.37 -100.00 -63.74 -63.92 -64.09 -64.26 -64.43 -64.60 -64.76 -64.92 -65.08 -65.23 -65.38 -65.53 -65.68 -65.82 -65.96 -66.10 -66.24 -66.38 -66.51 -66.64 -66.77 -66.90 -67.02 -67.15 -67.27 -67.39 -67.51 -67.62 -100.00
